01010001111010101111001111110111
10111010000000011001011001110011
11100111001110111101001101011000
00101001100010011001110101101011
10010011001100001110011010101111
11110001011000011010000100010100
01011100111000000001011101010011
10111000101010010100011010011111
10000101011010000111010101100111
11001111000010101111100111011001
11111111000110000100000101001100
11110110111000100000010011011110
01101101001110010101101111010010
10101010010100001011110101000010
01100101011011010110010000000001
01111011110010100110111010110110
01100001110101100011011010000110
10011101101000110000011011001101
11011110100000101100010011000001
10110111110110011110011100000100
11111010110001010100110101001001
10011110110001101001010001001100
10100110001000110101010010110110
01100110011111000111000101001001
10111011000000101011011011010001
10110110010101101010011111111101
11010011010010101100000010111001
11011010110100011110111001100011
11000111010100101000100100001100
01110000111011001101111000010010
11110111110011101101100000101001
11101000101001100100101000000111
11000010000010110001000111011100
11101010000100010011111011101101
00011110001101110111110010101001
11011000100101101100010110010101
10001100101000100001011100011001
11011110000110111110110001111100
11100111111111100101001111000001
11101101101011000011100101010110
10111010000001001100000100110110
11111100010000000011110101010011
10111110000010111111110000010001
00110001100010011111001001110000
11111101011110101100001011010001
10110110001000101000000000001000
11011001111011011110000100010001
01000110010010100111100011110111
11010000110010001100011110010111
10111000000101010000001001110011
