1111010000110000111000111010100011111011010011100001010100000101
1010111100010110100101111111110101010000010011110001111110101011
1101000101000100110011010011111110000011001100100110111010111010
0001111111101001110010001110000011100110110101111110011111010011
1000110011011000110100010111101000111000111110000001101110101100
1111101010111011001000011101100110011000100001000111101010001001
0001011110100111111101111101100101111110110111100011111101011101
0010110100100110001010111100011000111000111100101110110111110101
0101010100001011100000001110101111110011001011001001111111111111
0111010110010001100011101100101100111111000001010111001110100110
0000110110101010010000011011000100110111011010110111001100001111
1001010001001011110011101001111110010111100111010111011110001101
1001001110111011110000011010101101110101110110110100000111100010
1101000110011101010000000110010001000110111101010111101011000111
1111000010111110001000010011011000001110010010100000000010000101
0010101011100001010001001001101000101000000110110010101111010111
1101000101111011100100010000111110110100110101110111011000010010
0001010110011010000110101001011110111111011011111001001010110100
0111000100111110000110001100011111011000110111000110011011111100
0010001101111010001010100100101111011001000011101001101111011101
0101000001111011011010100100001011101111100010100110100000101011
1110010101100111100101101011100100101101000101110001000111101110
1111110011010010111101001111001100101101000111000000110110001000
1100110110000000011101011010110110011101101000001111101010110011
0001011110110001000000010100100011111011101000001100100101000110
1011111100111100110010111111011101101110001001011100111001101111
0010100011100000011011110010011000101000110000001110110110111111
1000111011110111011010100000111111000000111110001001101010000010
0001010111000011111110001011000111101000000001011111111001110110
0000100100100010001010001101100000010010111001000011111001110111
1011010000101010000001011101101111100100110011001010110111100110
1110010010000110101110000101000101001011010101111101011100111010
0111100111111000100001111111001000000100100111100011000001001100
1000011101000110000101111011011001011111000001011100111111100000
1010011101100000101110010001011110101010110111100101000101010000
0110010101111001011111001111101110011001110100100010110100100011
0100100010100000011001100110100001011000111000011001111000101001
0101101001111001011000010000110011001001001101100100101000001000
1010010010101011101011010010111000100000001101110001101101011010
1101100011010010011110101101110010101100000101011010100010001100
0000111111111000101000010011111001100001111011110101000111111100
0011111010011011101111110110110111110101001100101010010100001010
1000110010011101010001111111111000100001011011000010110110011011
0010011101111001010100010011010001100010010011101110100000100101
1000000000010011101000001101111101101011101100111001100001011101
1110001110011100000101001110100110101000011101111011000011101100
1001111001101011111101001000001001111011100110000111111101101110
0011110100010110010110001100101110011111011000110101000010010001
0000110011001111001100110000110000101001011110010110011110110101
0011000000000011001101010000110101000001111101010110110101000011
