10111011111000011101011001101101
10110010000010100001010011010100
10011010110100001101000100111111
11011100101100111111010010001010
10001100001100010010100011011001
11010101001011100010101101100010
11111111110011111100011010010110
11000000011010000010100110000111
11011111100100101000011000000011
00110001000100111111111111000100
11110000110011110011111111010011
01101101110011101001111110110110
11100110101000110101011001011010
10110101110010110110101111110000
00101110101101101000001010111001
10000111111001000000000101001011
11100111001111010001010110011011
11111001000111011011000001010101
00110011001110101010100100001001
11101000100010001110011100101100
11101111101011111100110101001001
10111001101101000110111101101000
11100000110001001100000110001000
11101001110110010000001001101001
11101001100011111101010010110000
01110001000001101010110001010000
11110000110001011111101110000111
01000110001111110000111000000000
01111110110011100001000110001111
11011100000011010110101111101000
01010100001001011110010001110100
10101111101110111100100001110111
11101101101100000111110111101110
10001001100000101110000001110100
10001001101010100100110110001111
10101111100110110001000111111000
11001100001010011010001000111000
11011101110101011010010010111111
10001011101011011100100110011010
11010100101010001100001001001101
10010111110000001101010110011111
01101101100000011110010100100010
10100111101000011101010100000101
11111101000101011111011100101011
10010010111000011110011011111100
10101000010000001011000110100111
10011000100001110101101010100101
11101000000001001100110001110101
11011010011100111000110011100011
11110111011011111011111111110101
