1001101000111100011011001110101111000011111100000000001001011010
1111001001111011111010110001000111110001100001011110111011110110
0010010000000011111011010100010110101011101011011010110111100110
1000111101010001011101111000001001111010000110010001110000010000
1010010101100100010111101100011000001000100101101000111011001110
0011000100000010111000011010000010110100110100100010101011000011
0001011010010011101100100001011111110001010100001010100110000011
0111110100101001011011101010001011011001000101011110001001000100
0100101100110000001010101001011100011101110001011001011001010001
1101101010100100010011101011111110101011100100100101110111000111
0100110010100100010110011110111001011001011010101100100011000111
0100110110001010101111011001101001010011000110110011101101010010
1010110111111111010000010100111111001101011101110100000101011001
1000010000000111010111111101011100111111111100001110010101011110
0000000100101111000101110111001100011100101111100111111000000010
1011000001010001001111110011011011001100010001001011011010010110
1000101110011010101100001010010110100101110000001100101100110010
1110001001011111001100111100001111110100010010101100011010111100
0111101100111000110101010111001011001100011001111100111010010101
0111100001111100111111001001111001111011000001111101110100010010
1001111101010000100001001010000100000100011100110011000110010001
1010011101011100011010100010010111101111010111001101100000111100
0111001001011111001010110111000111010001000011010011010001000110
1100000100011011011001000101000111010010101101010111110011010011
0110011111000000000000110011101101111011111110001000010001011011
0110111010000110000001011011111010101010110001010101000101001011
0001011010110100110110100000111001001111101011001111000110111010
0100101001000001111101111010101101101110100111100111101100111101
0011001010011111100001010001101111010100000001111011110011110001
0110010101100011001101110010100001110001001101010000101011010001
1000001100110111010001111111000101100100001110010000001001000111
1100001111100000101001001101001100111100011100000111000111011100
1011110111110101101110100100000010100101101010101100010111010101
0101011000010010111001101101111110110100100000011110000011101111
0010001010111101100100101011000011011011110001001010111010110111
1001111100010111001100111111100110011001000100010100000101100011
1011000010110010010111010001111001111000100110100010100000011011
1111010001001011001111000101001101111111110100111010111101110110
1010110110011000100110010000010100110110110101110011001110000101
0000110101100101010111011110000011101110100111011010000101110001
1011100101001101101101100010000011010001110111011011101001111011
1001110100110010010111100001100011100100000000100011110011110110
1111010001111110111100101010010100101011110101000001111100000100
1010111111100001101100110101111110100010010101011101011010010100
1100010101110011010001011001100101010010110011000000010001011101
0100000110000110110101011110111110101000101011111110011111001101
1011000010100000001110110000100101111001001011111000101000000001
1011101010000011000100110010100100011010110110100111000010110000
1111000100101011111010110000001011100010100110110110111011000100
1101000011111011000111001000001101010111110100111001110110001111
