01111111100111100011100010100111
01000101101110111001000001100100
11011101010110101101011110000111
11011011011010000001110100010101
10001110100111100111110101010101
11001101111011111001111000010110
11110000111010011101000100101101
01110010010110001001111101101110
01110001101010101001100111111101
11001100000000101010100111111110
00110000100100011010111011000000
11101111001111111100110110111000
01010000100101111111000101001001
01010001110000111001100011001001
10110111101110001000011001001100
10010101100101111000110110100100
00110001001000001111101011001111
10001000111101001110001001110101
01010111000101000101000101000001
11001110100010100111111001001111
10110001000101100000011101011001
10110000011011111110001011100011
10111001001010000010101110010000
10110100111010110111011001000000
11001011100101011010111011111010
01011011101000110111110110011111
01011011100110111010110000110100
11010111001101011100011101010111
11010100001001011100001011010111
11110100111000110101010110011100
11110010111101101011011010011110
11111101111101010111110101110011
11011110110001010100100100111000
01010101010000011010001110111011
10001100010000011011011100111111
11110000100111000010100001011100
01001100000100001101000101000010
11110000110001110110101010100011
10111001100110101110001100110011
11001100010100011010010010101011
11011101001110100101100001000101
00111101011101101101101011100011
11000010110101010101010000001001
10010001101111101111011011110111
11100110100011111000001010010110
11001111110011011110001101111101
11100011111110001000110101000011
00111010001101101111001111010111
11110110001001110011111111101101
00110001101011001110010101110101
