0011111110011110010111100000000001000110001111110010111001010001
0001001011111110101001010100001010100110101110100010110111010100
1011111101100101111110000101110010010110010010011101000101001000
1011110000001011010011000001101100010100101111100001111011110100
0100111101110100001101010010100101010100110000000100001011011011
1010010110101001101000110111100001111011110101001011000110000111
1110001010110111001111011100010000111111010111100100011110000101
0011001100010011000011001010110001010011011100101111111100010111
0011001001111000000011011010001011101101000110000010111100100101
1010001010010100001111101111010100111000000101111111010111100010
0000100100110110111101000110111110000111011000011110101011010001
1101111110011000001100100000010111000011111011011010110100000100
0001100101011111010100001111110010011000011110010010111000110010
0001101000011101010111000010000110000100100100110111010010001101
1000001111011001010101010000001010111110101101011010100101011010
0101011101101001110001001001100111111001010100110100011001101011
0000100101101101101001000100001011101010011000010011000010000001
0100100101000101000110101101110011111011111101111111100111110010
0001110110011110110100001101011100010011000101000000011010001101
1010011010100011001011100011001111010110011001011111100010111110
0111101001111111011110000000111101101000000110011110010110110010
0111100110011010000010001101111100001110010110100111010110101100
1000010111101011000101010100010011101111011000101101011100010101
0111111111011011111101101101110110100000011111110000011100110100
1010000111100110101110110000011100001011110011111100001000111100
0010000011001101101000111011100011110000110001111111101110011010
0010000011001000000010110001011101111100101110110000110110001011
1011010011101011011000000010000100111111101000100100010000000000
1010111111001110100100000100011110000100010101100110010101100111
1110101001000010001001010001001001010101000111111011010000110000
1110011010010111010111110000011011100011010101001010010000001110
1111101111101111001001010110000010011101001111111010001100011100
1100000111011010110000110000100001101100100100000001101111001100
0001110001100100101001111000111101010100100101001111001001000011
0100110011010111111100010100110000101100011101101111011100111101
1110001000100101001010101110111000011000010001000001100100000010
0001011010011001111111010101101001100001000100100001011110110101
1110001001110110100000110100100011101110101100110011000011100010
1000011010010001001110100001011100111000111001100111111010011111
1010001100010010001110000111101100100100100111010101111001000101
1011111100101101110010011011010000111101011001110110011001010100
0000111011000001110110110111111011010100100001010001011011000001
1001010001001000000001010010010000001011110000011111000001100000
0101001011111001111000100011011111000110101100100000100100011100
1100111110100110001011110001100010110011010101111101010000111011
1010100010101110100110110111101001001010111000111100100110110000
1100101100000010101110111101100000001011111110111101000001101000
0000110100111100111100100100100110010010000010100011110001001000
1110110010101111011101001110000111010111001110110110100111000100
0000100110100011101001001001110000011111010100110101101010101000
