10100000111011101010100000101000
10010001011001011100000110111001
01000001011010000001011001001111
01101101110010111000011101010000
11001110110000111011011101010100
11110111101110101100110110101110
10000100111110011110010110000100
11101000011010101100000010100100
00110000000110100101110001011000
10010100011010111010101110100111
11001101101000101110000001011011
00001011100010000000101111100001
01110110010110010000110111111101
10010011000101101011100111101000
10001100101001110111000001000110
11010110101111001100000100111001
10101010110000111101101010110011
10111010111001100001011101111101
11000010000000001001110001010101
11111110011111010100100111101110
10111111110010110000001001001100
01111011110101111010010000001101
10111001000111011010100000010011
11111101011101010111100010000010
01110100100111010001111100110100
11001011001101101010010011011011
11011111100110100010110011101011
10010100010100111001011111100101
11000100011101111011001001100011
11000000111100100101011100111000
10010000111000000011110001001101
11010111000111101000111000101110
11111001100001110110001010110011
10101100111000110100011001010000
01010001001101111101110000011001
11100110010010111101110011001111
10111011001110001010000110000110
11101100101101111100101010110001
00101101111100000101111001101000
01111111000100110110101001110111
11101010111010000101010101110100
10010000111101011111001000111001
11001111010001010000101111000011
10011110100111110010100101100101
11100011111000100101010110001101
10011110110001110011111111111000
10110111110101001100010111000101
11110110010001000111000010101111
10001111001011101011110001010000
10111101100001100110101010111110
