0110010100101011001100001010111101001101100110111111011010111100
0101001010010100011011011110011100000010011000001000011000010011
0001000010110110000001011010011001110100011100011111001000110100
0010111100010110111100110000101000110010100010011001000010011101
1010011011111111100100001010110010101100110001110111000110101011
1110111110111010000000010011011000101110010010010001101001110111
0100010100010010101010001010000010101011001101010010001011000110
1101001100000001101010011010110110110100001010111011001100010001
0000100100001001111001010101100000001010110111101000001001000010
0101011000001100101010111100001010110110101110101111000001110111
1010010100101110010000101111001101111000110001100000011100011001
0000000010000100111110010101000111111011010101011010000010000111
0011011010110110001101111110000011011101010100100100001010101011
0101010010000011000110111000010110101100000010011110010010110101
0100110101000111100100000101000011101110110010111010100010010111
1011010000100000000111100011011111111101001000101011101100000010
0111000111101000101101000100110110001000101101101111010110000100
1000100001110011001010001110111111111101100010010110100000100100
1001001100000100111011001111000111011000111011110110011101100100
1111110011111100110111000000011101011100101110001011101110111100
1000111110110000100011100110101011110010000001110111111100111110
0011101111101000111011010100101001100010011111100111010000011111
1000010111011011111000000101101100110011110101000100000101000100
1111101011110001011001100001100001011001001110100101010000001101
0011010100011110110001001011011100010010000100100110010110000001
1010000101001111101101010001111001101000100100100111100111111011
1100001101001101111101110001101110111000111100101111010000110111
0101010111110000110000101110110101001111001011111000101011011111
1001011011000111100000010001111100100110011100100011010001011111
1001000101101100011010000011110100111000010011001100001110101011
0101000111111101000010000100000100011010111101011010111111100111
1011010011000100010101100111011111110000000011110110010101110101
1111001100111000101001011001101010111000011111010010100100001011
0111010011000010001100000100000111110011010101011001000100001111
0001100111000100011001010111100010100101001011000001110101000100
1100111100101100011001110011111111100110110001010110110011011110
1000100011101011110010001000000111110100010111100011100111000101
1101101011100011011000011010101110001011101100000011110010001111
0000100000111110011000101110001000000010111100001001010011011110
0011111100010100010001010001101111000000111011000000101011000110
1101011110001101100011110001001110010011101100001100101011000010
0101001000010101100111001100101001000000000110111111000100101111
1010011111010000101110111010011000010001110000010100110000011111
0110001001001000110110100000110111000101011111000101101000001010
1100101011011011001010111101001110011110111000100010010011100111
0110001001111010100011100000101100111000100010101111110011011100
1000010000000001111000111001100011001100100101001100100111110011
1110110011100111100110101101110011101011000010000110110001101001
0101000000010101001111101110101001111110111010111110000010111000
1000110001001111110000000011000101011000001101100001000011100000
