11010011001101001000000010000100
01011001011000001000110110001111
11111101010111011100011001110100
10010000000001110000011001000110
01000001111011111101111001111010
00011000100111011000001100110000
01011011010110011010100011110011
11110111011001100000111001010111
10110000000101000110101011011101
10001110110100000001110101001100
10111111101000100100011001011010
01001100000010001100101100001001
10110111111011100011010011011110
01001100010110001011110101100010
01100001110010000011100100000011
10101100001010001100101111101111
01100111001001100010110101111111
11100001001111010101001100011100
11001011001010010111000111000000
01110100100001011011010010011010
11100010011101110110111100101101
10101001101110001001010010001101
01000000011111000000011101100101
01110111101010101110111111000111
10001110101001001001100100101110
10011110000010100000101110001110
10101011101011101011001111110010
01100101011011010011010100011011
10101111111101001101110101011101
10100111011101110100101010110010
11110110101011001100111011001011
11011011101010000110111010111011
11110101001011101101000110000111
11011111010001110000001000000000
01111010011110011000000011001000
11100101001000111001110100011011
10111111100001010110111101010110
11000001110001010000111000101111
10001000010001001110000000101101
10001101010100011011011111000110
11010100001000001101110011001111
01100100011101001000100000111100
00100010011010011110110111010111
11111011011111100000110100011101
10010010000011001100111001010101
10110100111100000000110110010001
00011101110001011000110000101010
10001101010111001101001001000111
11101111110110010011011001000010
10101000100101101000010000000111
