0101011011101011010011111101010110100100100001001100011001110001
1100111101010010100011110000100000101100010101010110000010100110
1110000111001011011000100000001011000011110011011111010110101101
0101011110110110110011110011000000001010010000101011110010010001
0010011110010100001011110110101110001011111011110010111111000010
1000110111011001111100101110000011110110110000001110101100011011
1001110111100000001100000001101001001100001010001011011011100111
0010100001101000010001000011111011100100010011011111110010001100
1011101010011100010001111111100100011000011101000001110100010001
0000101011111000000100111111011001110001111000010101101001000000
0000110101001100000100011111110000010100110101100001110110010111
1101110011100000010101000001001101011101100100010111000010111111
1111000110100001001010110111010000010001111010010110110010100001
0000101010011011010110010000111011111011010100110011000010011000
0001111000110001101000110110001011100000010011101110010010010100
0100011001111011000011110000011011110010110000010110000011110000
0010000110010100110111000001101101010110100001111111100010010011
1000110000011101100010110000001111101011110111101100110100110110
0011000101000110010101010111010011000110010100000100110100010010
0001010110110101111010111100101000110100110001111111010001000000
1101111100011000111101000010001001000101110010101110101111111011
0010100101001110001010011001100001010001110101000100101100001011
1001001100101011110101111001110001110000010010000010011111111111
0001011100110111011100010001100010110100011010010100000000011110
0100101110010110110001101001100111000010100001101111010000101001
1100101111000100011000111101110100111111010110000111111101011001
1110111110000111010100110000010100110000010010100110000000011010
1010011000000001100001010000111010011111101111000010111100001111
0101011110010000010001110101010111000000011100110001010110010011
0110011110010010100101000011011011000101001101010101110110101001
1100000010000110100000100010000010111011000011100010000101000100
0010101000101001000000110001010100111001111001111000000011010110
0110110010000111101010000011011101010110111110010101010000010101
1000011000000101110100010110001000011000000100101111000111001001
1110001000101010100110010011111010110000010111101001110100001111
0010101110111001100000000001111100011111010011010000100010010010
1011100111100000011001000101011001010110110000001100100101011110
0110011001010101011010010000001011000010001110111101011001100100
1001001100000110010110111011011111110000000011101100011100110000
1000010011000011010100100100100001100110001011110101100101001001
1111011101000000010000001001011000001011000111010110101001010100
0001110010000010000010100100010111001101000000111011100011000101
1101101001110001001000001011011011110111000001101111111110000111
0101101111101100001000111000101100111100011010011100001100110011
1100000110010011111000110001011100100000011100111100001000100000
1011110111110110011001011001011000000010011101110000010110101111
1010011010011111011100110111101111011101111100111010010010101010
1000101001101000001100011000000100110010010110011110011000001111
1110111110110110001100000001101001011110001001110100000000100110
0110100100000000100010001000110010100111101010100110011101111111
